// Format: k_fixed b_fixed // k_float b_float
8 0 // 0.0019588319 -0.0000008323
8 8 // 0.0019710065 0.0019583801
8 16 // 0.0019831805 0.0039297671
8 24 // 0.0019953535 0.0059133280
8 32 // 0.0020075253 0.0079090620
8 41 // 0.0020196954 0.0099169678
8 49 // 0.0020318635 0.0119370436
8 57 // 0.0020440292 0.0139692875
8 66 // 0.0020561921 0.0160136970
8 74 // 0.0020683518 0.0180702693
9 82 // 0.0020805080 0.0201390012
9 91 // 0.0020926603 0.0222198892
9 100 // 0.0021048083 0.0243129294
9 108 // 0.0021169516 0.0264181174
9 117 // 0.0021290900 0.0285354487
9 126 // 0.0021412229 0.0306649182
9 134 // 0.0021533501 0.0328065205
9 143 // 0.0021654712 0.0349602498
9 152 // 0.0021775857 0.0371261000
9 161 // 0.0021896934 0.0393040645
9 170 // 0.0022017939 0.0414941366
9 179 // 0.0022138867 0.0436963089
9 188 // 0.0022259716 0.0459105738
9 197 // 0.0022380481 0.0481369234
9 206 // 0.0022501160 0.0503753492
9 216 // 0.0022621747 0.0526258426
9 225 // 0.0022742241 0.0548883946
9 234 // 0.0022862636 0.0571629955
9 244 // 0.0022982929 0.0594496357
9 253 // 0.0023103117 0.0617483049
10 262 // 0.0023223197 0.0640589927
10 272 // 0.0023343164 0.0663816880
10 281 // 0.0023463014 0.0687163797
10 291 // 0.0023582745 0.0710630561
10 301 // 0.0023702353 0.0734217052
10 310 // 0.0023821833 0.0757923147
10 320 // 0.0023941183 0.0781748718
10 330 // 0.0024060399 0.0805693636
10 340 // 0.0024179478 0.0829757766
10 350 // 0.0024298415 0.0853940969
10 360 // 0.0024417207 0.0878243106
10 370 // 0.0024535852 0.0902664031
10 380 // 0.0024654344 0.0927203596
10 390 // 0.0024772681 0.0951861648
10 400 // 0.0024890860 0.0976638033
10 410 // 0.0025008876 0.1001532592
10 420 // 0.0025126726 0.1026545162
10 431 // 0.0025244408 0.1051675577
10 441 // 0.0025361916 0.1076923668
10 451 // 0.0025479249 0.1102289263
10 462 // 0.0025596402 0.1127772185
11 472 // 0.0025713372 0.1153372254
11 483 // 0.0025830156 0.1179089288
11 494 // 0.0025946750 0.1204923100
11 504 // 0.0026063151 0.1230873500
11 515 // 0.0026179355 0.1256940296
11 526 // 0.0026295360 0.1283123290
11 536 // 0.0026411162 0.1309422282
11 547 // 0.0026526757 0.1335837070
11 558 // 0.0026642142 0.1362367447
11 569 // 0.0026757314 0.1389013202
11 580 // 0.0026872270 0.1415774123
11 591 // 0.0026987007 0.1442649994
11 602 // 0.0027101520 0.1469640594
11 613 // 0.0027215808 0.1496745701
11 624 // 0.0027329866 0.1523965088
11 635 // 0.0027443691 0.1551298526
11 647 // 0.0027557281 0.1578745783
11 658 // 0.0027670632 0.1606306622
11 669 // 0.0027783741 0.1633980805
11 681 // 0.0027896605 0.1661768090
11 692 // 0.0028009220 0.1689668231
12 704 // 0.0028121585 0.1717680979
12 715 // 0.0028233694 0.1745806084
12 727 // 0.0028345546 0.1774043291
12 738 // 0.0028457138 0.1802392342
12 750 // 0.0028568466 0.1830852977
12 762 // 0.0028679527 0.1859424931
12 773 // 0.0028790319 0.1888107938
12 785 // 0.0028900837 0.1916901729
12 797 // 0.0029011081 0.1945806030
12 809 // 0.0029121046 0.1974820566
12 821 // 0.0029230729 0.2003945058
12 833 // 0.0029340128 0.2033179224
12 845 // 0.0029449240 0.2062522781
12 857 // 0.0029558061 0.2091975441
12 869 // 0.0029666590 0.2121536913
12 881 // 0.0029774823 0.2151206905
12 893 // 0.0029882757 0.2180985121
12 906 // 0.0029990389 0.2210871261
12 918 // 0.0030097718 0.2240865025
12 930 // 0.0030204740 0.2270966108
12 943 // 0.0030311452 0.2301174203
12 955 // 0.0030417851 0.2331489001
13 967 // 0.0030523936 0.2361910188
13 980 // 0.0030629703 0.2392437451
13 992 // 0.0030735149 0.2423070470
13 1005 // 0.0030840273 0.2453808926
13 1018 // 0.0030945071 0.2484652495
13 1030 // 0.0031049540 0.2515600853
13 1043 // 0.0031153679 0.2546653669
13 1056 // 0.0031257485 0.2577810615
13 1069 // 0.0031360955 0.2609071356
13 1082 // 0.0031464087 0.2640435557
13 1094 // 0.0031566878 0.2671902878
13 1107 // 0.0031669325 0.2703472981
13 1120 // 0.0031771427 0.2735145520
13 1133 // 0.0031873182 0.2766920150
13 1146 // 0.0031974585 0.2798796524
13 1159 // 0.0032075636 0.2830774291
13 1173 // 0.0032176332 0.2862853097
13 1186 // 0.0032276670 0.2895032588
13 1199 // 0.0032376649 0.2927312407
13 1212 // 0.0032476265 0.2959692193
13 1226 // 0.0032575518 0.2992171584
13 1239 // 0.0032674404 0.3024750216
13 1252 // 0.0032772921 0.3057427723
13 1266 // 0.0032871067 0.3090203736
14 1279 // 0.0032968841 0.3123077884
14 1293 // 0.0033066239 0.3156049794
14 1306 // 0.0033163261 0.3189119090
14 1320 // 0.0033259903 0.3222285397
14 1333 // 0.0033356163 0.3255548333
14 1347 // 0.0033452041 0.3288907518
14 1361 // 0.0033547533 0.3322362569
14 1375 // 0.0033642638 0.3355913100
14 1388 // 0.0033737353 0.3389558723
14 1402 // 0.0033831677 0.3423299050
14 1416 // 0.0033925608 0.3457133688
14 1430 // 0.0034019144 0.3491062246
14 1444 // 0.0034112284 0.3525084327
14 1458 // 0.0034205024 0.3559199536
14 1472 // 0.0034297364 0.3593407472
14 1486 // 0.0034389302 0.3627707736
14 1500 // 0.0034480836 0.3662099926
14 1514 // 0.0034571964 0.3696583637
14 1528 // 0.0034662685 0.3731158463
14 1542 // 0.0034752996 0.3765823997
14 1557 // 0.0034842897 0.3800579830
14 1571 // 0.0034932385 0.3835425551
14 1585 // 0.0035021459 0.3870360747
14 1600 // 0.0035110118 0.3905385004
14 1614 // 0.0035198360 0.3940497908
14 1628 // 0.0035286182 0.3975699040
14 1643 // 0.0035373585 0.4010987982
15 1657 // 0.0035460566 0.4046364313
15 1672 // 0.0035547124 0.4081827612
15 1686 // 0.0035633258 0.4117377457
15 1701 // 0.0035718965 0.4153013421
15 1716 // 0.0035804246 0.4188735080
15 1730 // 0.0035889097 0.4224542006
15 1745 // 0.0035973519 0.4260433770
15 1760 // 0.0036057509 0.4296409942
15 1775 // 0.0036141067 0.4332470092
15 1789 // 0.0036224192 0.4368613786
15 1804 // 0.0036306881 0.4404840591
15 1819 // 0.0036389134 0.4441150071
15 1834 // 0.0036470950 0.4477541791
15 1849 // 0.0036552327 0.4514015313
15 1864 // 0.0036633265 0.4550570199
15 1879 // 0.0036713762 0.4587206009
15 1894 // 0.0036793818 0.4623922303
15 1909 // 0.0036873431 0.4660718638
15 1924 // 0.0036952600 0.4697594573
15 1939 // 0.0037031324 0.4734549662
15 1954 // 0.0037109603 0.4771583462
15 1970 // 0.0037187435 0.4808695527
15 1985 // 0.0037264819 0.4845885409
15 2000 // 0.0037341755 0.4883152663
15 2015 // 0.0037418242 0.4920496838
15 2031 // 0.0037494279 0.4957917487
15 2046 // 0.0037569865 0.4995414158
15 2062 // 0.0037644999 0.5032986401
15 2077 // 0.0037719681 0.5070633764
15 2092 // 0.0037793910 0.5108355796
16 2108 // 0.0037867686 0.5146152042
16 2123 // 0.0037941006 0.5184022049
16 2139 // 0.0038013872 0.5221965363
16 2154 // 0.0038086282 0.5259981528
16 2170 // 0.0038158235 0.5298070088
16 2186 // 0.0038229732 0.5336230588
16 2201 // 0.0038300771 0.5374462570
16 2217 // 0.0038371352 0.5412765578
16 2233 // 0.0038441475 0.5451139152
16 2249 // 0.0038511139 0.5489582835
16 2264 // 0.0038580344 0.5528096168
16 2280 // 0.0038649089 0.5566678691
16 2296 // 0.0038717374 0.5605329944
16 2312 // 0.0038785198 0.5644049468
16 2328 // 0.0038852562 0.5682836802
16 2344 // 0.0038919464 0.5721691486
16 2360 // 0.0038985905 0.5760613057
16 2376 // 0.0039051884 0.5799601055
16 2392 // 0.0039117402 0.5838655017
16 2408 // 0.0039182457 0.5877774483
16 2424 // 0.0039247050 0.5916958989
16 2440 // 0.0039311181 0.5956208074
16 2456 // 0.0039374848 0.5995521275
16 2472 // 0.0039438053 0.6034898130
16 2488 // 0.0039500796 0.6074338175
16 2504 // 0.0039563075 0.6113840947
16 2520 // 0.0039624892 0.6153405985
16 2537 // 0.0039686245 0.6193032825
16 2553 // 0.0039747136 0.6232721004
16 2569 // 0.0039807563 0.6272470058
16 2586 // 0.0039867528 0.6312279527
16 2602 // 0.0039927030 0.6352148945
16 2618 // 0.0039986070 0.6392077851
16 2635 // 0.0040044647 0.6432065782
16 2651 // 0.0040102761 0.6472112276
16 2667 // 0.0040160414 0.6512216870
16 2684 // 0.0040217604 0.6552379101
16 2700 // 0.0040274332 0.6592598508
17 2717 // 0.0040330599 0.6632874630
17 2733 // 0.0040386405 0.6673207004
17 2750 // 0.0040441750 0.6713595169
17 2766 // 0.0040496634 0.6754038664
17 2783 // 0.0040551058 0.6794537030
17 2800 // 0.0040605021 0.6835089804
17 2816 // 0.0040658525 0.6875696528
17 2833 // 0.0040711570 0.6916356742
17 2850 // 0.0040764157 0.6957069986
17 2866 // 0.0040816285 0.6997835802
17 2883 // 0.0040867955 0.7038653732
17 2900 // 0.0040919167 0.7079523318
17 2917 // 0.0040969923 0.7120444102
17 2933 // 0.0041020223 0.7161415627
17 2950 // 0.0041070067 0.7202437438
17 2967 // 0.0041119456 0.7243509079
17 2984 // 0.0041168390 0.7284630094
17 3001 // 0.0041216870 0.7325800029
17 3018 // 0.0041264897 0.7367018429
17 3034 // 0.0041312471 0.7408284843
17 3051 // 0.0041359594 0.7449598817
17 3068 // 0.0041406265 0.7490959899
17 3085 // 0.0041452485 0.7532367638
17 3102 // 0.0041498256 0.7573821584
17 3119 // 0.0041543578 0.7615321286
17 3136 // 0.0041588452 0.7656866296
17 3153 // 0.0041632878 0.7698456166
17 3170 // 0.0041676858 0.7740090448
17 3187 // 0.0041720392 0.7781768696
17 3205 // 0.0041763481 0.7823490464
17 3222 // 0.0041806126 0.7865255306
17 3239 // 0.0041848328 0.7907062780
17 3256 // 0.0041890088 0.7948912442
17 3273 // 0.0041931406 0.7990803850
17 3290 // 0.0041972285 0.8032736563
17 3307 // 0.0042012724 0.8074710141
17 3325 // 0.0042052725 0.8116724144
17 3342 // 0.0042092288 0.8158778134
17 3359 // 0.0042131415 0.8200871674
17 3376 // 0.0042170108 0.8243004327
17 3394 // 0.0042208366 0.8285175659
17 3411 // 0.0042246191 0.8327385236
17 3428 // 0.0042283584 0.8369632624
