// Format: k_fixed b_fixed // k_float b_float
32 0 // 0.0079038079 -0.0000133155
33 32 // 0.0080985527 0.0078965843
34 66 // 0.0082931573 0.0160012310
35 100 // 0.0084875261 0.0243004811
36 134 // 0.0086815641 0.0327940961
36 170 // 0.0088751767 0.0414817421
37 206 // 0.0090682695 0.0503629907
38 243 // 0.0092607488 0.0594373191
39 281 // 0.0094525217 0.0687041109
39 320 // 0.0096434960 0.0781626568
40 360 // 0.0098335803 0.0878121552
41 400 // 0.0100226843 0.0976517133
42 441 // 0.0102107187 0.1076803478
43 483 // 0.0103975956 0.1178969864
43 526 // 0.0105832280 0.1283004687
44 569 // 0.0107675306 0.1388895476
45 613 // 0.0109504194 0.1496628904
46 658 // 0.0111318121 0.1606190807
46 704 // 0.0113116277 0.1717566197
47 750 // 0.0114897872 0.1830739278
48 797 // 0.0116662134 0.1945693463
49 845 // 0.0118408308 0.2062411395
49 893 // 0.0120135660 0.2180874961
50 943 // 0.0121843475 0.2301065315
51 992 // 0.0123531060 0.2422962897
51 1043 // 0.0125197741 0.2546547455
52 1094 // 0.0126842870 0.2671798063
53 1146 // 0.0128465817 0.2798693148
53 1199 // 0.0130065980 0.2927210507
54 1252 // 0.0131642777 0.3057327337
55 1306 // 0.0133195651 0.3189020252
55 1361 // 0.0134724071 0.3322265313
56 1416 // 0.0136227529 0.3457038046
56 1472 // 0.0137705544 0.3593313473
57 1528 // 0.0139157660 0.3731066136
58 1585 // 0.0140583445 0.3870270119
58 1643 // 0.0141982496 0.4010899078
59 1701 // 0.0143354435 0.4152926265
59 1760 // 0.0144698911 0.4296324556
60 1819 // 0.0146015598 0.4441066474
60 1879 // 0.0147304198 0.4587124220
61 1939 // 0.0148564439 0.4734469698
61 2000 // 0.0149796077 0.4883074538
62 2061 // 0.0150998893 0.5032910129
62 2123 // 0.0152172695 0.5183947641
63 2186 // 0.0153317319 0.5336158055
63 2249 // 0.0154432625 0.5489512184
64 2312 // 0.0155518501 0.5643980706
64 2375 // 0.0156574858 0.5799534186
65 2440 // 0.0157601637 0.5956143102
65 2504 // 0.0158598801 0.6113777874
65 2569 // 0.0159566339 0.6272408884
66 2635 // 0.0160504266 0.6432006504
66 2700 // 0.0161412619 0.6592541124
66 2766 // 0.0162291460 0.6753983169
67 2833 // 0.0163140875 0.6916303130
67 2900 // 0.0163960972 0.7079471581
67 2967 // 0.0164751884 0.7243459209
68 3034 // 0.0165513762 0.7408236829
68 3102 // 0.0166246782 0.7573775414
68 3170 // 0.0166951140 0.7740046109
69 3239 // 0.0167627050 0.7907020258
69 3307 // 0.0168274750 0.8074669420
69 3376 // 0.0168894495 0.8242965390
69 3446 // 0.0169486557 0.8411880221
70 3515 // 0.0170051228 0.8581386237
70 3585 // 0.0170588817 0.8751456058
70 3654 // 0.0171099650 0.8922062609
70 3725 // 0.0171584067 0.9093179145
70 3795 // 0.0172042425 0.9264779258
71 3865 // 0.0172475095 0.9436836902
71 3936 // 0.0172882462 0.9609326400
71 4007 // 0.0173264924 0.9782222459
71 4078 // 0.0173622891 0.9955500187
71 4149 // 0.0173956785 1.0129135101
71 4220 // 0.0174267040 1.0303103142
71 4292 // 0.0174554098 1.0477380682
72 4363 // 0.0174818413 1.0651944540
72 4435 // 0.0175060446 1.0826771984
72 4506 // 0.0175280667 1.1001840749
72 4578 // 0.0175479554 1.1177129036
72 4650 // 0.0175657591 1.1352615527
72 4722 // 0.0175815267 1.1528279384
72 4794 // 0.0175953079 1.1704100264
72 4866 // 0.0176071526 1.1880058317
72 4938 // 0.0176171113 1.2056134194
72 5010 // 0.0176252347 1.2232309051
72 5083 // 0.0176315740 1.2408564551
72 5155 // 0.0176361802 1.2584882867
72 5227 // 0.0176391049 1.2761246686
72 5299 // 0.0176403996 1.2937639208
72 5372 // 0.0176401156 1.3114044150
72 5444 // 0.0176383046 1.3290445740
72 5516 // 0.0176350179 1.3466828725
72 5588 // 0.0176303069 1.3643178364
72 5660 // 0.0176242225 1.3819480429
72 5733 // 0.0176168156 1.3995721203
72 5805 // 0.0176081368 1.4171887478
72 5877 // 0.0175982363 1.4347966549
72 5949 // 0.0175871639 1.4523946216
72 6021 // 0.0175749689 1.4699814775
72 6093 // 0.0175617004 1.4875561017
72 6165 // 0.0175474067 1.5051174222
72 6237 // 0.0175321357 1.5226644151
72 6309 // 0.0175159346 1.5401961049
72 6380 // 0.0174988501 1.5577115629
72 6452 // 0.0174809283 1.5752099073
72 6524 // 0.0174622143 1.5926903020
71 6595 // 0.0174427529 1.6101519565
71 6667 // 0.0174225879 1.6275941247
71 6738 // 0.0174017622 1.6450161043
71 6809 // 0.0173803184 1.6624172362
71 6880 // 0.0173582977 1.6797969035
71 6952 // 0.0173357409 1.6971545306
71 7023 // 0.0173126877 1.7144895828
71 7093 // 0.0172891770 1.7318015650
71 7164 // 0.0172652470 1.7490900209
71 7235 // 0.0172409346 1.7663545323
71 7306 // 0.0172162761 1.7835947182
70 7376 // 0.0171913068 1.8008102336
70 7447 // 0.0171660611 1.8180007688
70 7517 // 0.0171405724 1.8351660484
70 7587 // 0.0171148730 1.8523058307
70 7657 // 0.0170889947 1.8694199059
70 7727 // 0.0170629678 1.8865080961
70 7797 // 0.0170368221 1.9035702538
70 7867 // 0.0170105861 1.9206062611
70 7936 // 0.0169842876 1.9376160287
69 8006 // 0.0169579534 1.9545994949
69 8075 // 0.0169316091 1.9715566248
69 8145 // 0.0169052796 1.9884874093
69 8214 // 0.0168789889 2.0053918639
69 8283 // 0.0168527599 2.0222700284
69 8352 // 0.0168266146 2.0391219649
69 8421 // 0.0168005742 2.0559477581
69 8490 // 0.0167746588 2.0727475135
69 8559 // 0.0167488878 2.0895213568
68 8627 // 0.0167232795 2.1062694329
68 8696 // 0.0166978515 2.1229919052
68 8764 // 0.0166726205 2.1396889546
68 8832 // 0.0166476022 2.1563607785
68 8901 // 0.0166228116 2.1730075904
68 8969 // 0.0165982628 2.1896296182
68 9037 // 0.0165739692 2.2062271044
68 9105 // 0.0165499434 2.2228003046
68 9172 // 0.0165261969 2.2393494869
68 9240 // 0.0165027409 2.2558749311
68 9308 // 0.0164795855 2.2723769281
67 9375 // 0.0164567402 2.2888557787
67 9443 // 0.0164342139 2.3053117934
67 9510 // 0.0164120145 2.3217452915
67 9577 // 0.0163901495 2.3381566002
67 9644 // 0.0163686256 2.3545460542
67 9711 // 0.0163474490 2.3709139947
67 9778 // 0.0163266250 2.3872607693
67 9845 // 0.0163061585 2.4035867307
67 9912 // 0.0162860538 2.4198922367
67 9979 // 0.0162663145 2.4361776492
67 10045 // 0.0162469439 2.4524433337
66 10112 // 0.0162279444 2.4686896591
66 10178 // 0.0162093182 2.4849169965
66 10245 // 0.0161910669 2.5011257193
66 10311 // 0.0161731915 2.5173162025
66 10377 // 0.0161556928 2.5334888221
66 10443 // 0.0161385708 2.5496439547
66 10509 // 0.0161218254 2.5657819771
66 10575 // 0.0161054559 2.5819032660
66 10641 // 0.0160894613 2.5980081971
66 10707 // 0.0160738403 2.6140971455
66 10773 // 0.0160585910 2.6301704845
66 10839 // 0.0160437113 2.6462285860
66 10905 // 0.0160291989 2.6622718194
66 10970 // 0.0160150510 2.6783005520
66 11036 // 0.0160012646 2.6943151481
65 11101 // 0.0159878364 2.7103159693
65 11167 // 0.0159747629 2.7263033736
65 11232 // 0.0159620403 2.7422777157
65 11298 // 0.0159496646 2.7582393462
65 11363 // 0.0159376315 2.7741886121
65 11428 // 0.0159259368 2.7901258558
65 11494 // 0.0159145757 2.8060514154
65 11559 // 0.0159035435 2.8219656246
65 11624 // 0.0158928352 2.8378688120
65 11689 // 0.0158824459 2.8537613015
65 11754 // 0.0158723703 2.8696434118
65 11819 // 0.0158626031 2.8855154565
65 11884 // 0.0158531389 2.9013777439
65 11949 // 0.0158439722 2.9172305767
65 12014 // 0.0158350973 2.9330742522
65 12079 // 0.0158265087 2.9489090623
65 12144 // 0.0158182006 2.9647352929
65 12208 // 0.0158101672 2.9805532243
65 12273 // 0.0158024027 2.9963631311
65 12338 // 0.0157949013 3.0121652821
65 12403 // 0.0157876571 3.0279599400
65 12467 // 0.0157806642 3.0437473621
65 12532 // 0.0157739168 3.0595277993
65 12596 // 0.0157674089 3.0753014969
65 12661 // 0.0157611347 3.0910686944
65 12726 // 0.0157550884 3.1068296252
65 12790 // 0.0157492640 3.1225845170
64 12855 // 0.0157436559 3.1383335916
64 12919 // 0.0157382582 3.1540770649
64 12984 // 0.0157330653 3.1698151474
64 13048 // 0.0157280714 3.1855480436
64 13112 // 0.0157232710 3.2012759522
64 13177 // 0.0157186585 3.2169990667
64 13241 // 0.0157142284 3.2327175748
64 13306 // 0.0157099753 3.2484316586
64 13370 // 0.0157058938 3.2641414951
64 13434 // 0.0157019788 3.2798472557
64 13499 // 0.0156982249 3.2955491066
64 13563 // 0.0156946271 3.3112472088
64 13627 // 0.0156911803 3.3269417182
64 13691 // 0.0156878796 3.3426327858
64 13756 // 0.0156847202 3.3583205575
64 13820 // 0.0156816973 3.3740051743
64 13884 // 0.0156788063 3.3896867727
64 13948 // 0.0156760424 3.4053654842
64 14013 // 0.0156734014 3.4210414361
64 14077 // 0.0156708789 3.4367147510
64 14141 // 0.0156684704 3.4523855471
64 14205 // 0.0156661720 3.4680539385
64 14269 // 0.0156639794 3.4837200350
64 14333 // 0.0156618887 3.4993839424
64 14398 // 0.0156598961 3.5150457625
64 14462 // 0.0156579978 3.5307055931
64 14526 // 0.0156561901 3.5463635285
64 14590 // 0.0156544694 3.5620196591
64 14654 // 0.0156528322 3.5776740719
64 14718 // 0.0156512752 3.5933268502
64 14782 // 0.0156497951 3.6089780741
64 14846 // 0.0156483887 3.6246278205
64 14911 // 0.0156470530 3.6402761629
64 14975 // 0.0156457849 3.6559231718
64 15039 // 0.0156445816 3.6715689149
64 15103 // 0.0156434402 3.6872134568
64 15167 // 0.0156423581 3.7028568593
64 15231 // 0.0156413326 3.7184991816
64 15295 // 0.0156403611 3.7341404803
64 15359 // 0.0156394414 3.7497808094
64 15423 // 0.0156385709 3.7654202203
64 15487 // 0.0156377475 3.7810587625
64 15551 // 0.0156369689 3.7966964828
64 15615 // 0.0156362331 3.8123334259
64 15679 // 0.0156355379 3.8279696346
64 15743 // 0.0156348815 3.8436051496
64 15807 // 0.0156342620 3.8592400093
64 15871 // 0.0156336775 3.8748742508
64 15936 // 0.0156331264 3.8905079090
64 16000 // 0.0156326070 3.9061410171
64 16064 // 0.0156321176 3.9217736068
64 16128 // 0.0156316568 3.9374057081
64 16192 // 0.0156312230 3.9530373496
64 16256 // 0.0156308150 3.9686685582
64 16320 // 0.0156304312 3.9842993596
