// Format: k b
0.0624671347 0.0000064660
0.0622308293 0.0624824435
0.0617515139 0.1247144285
0.0610310600 0.1864594063
0.0600722813 0.2474762640
0.0588789215 0.3075267323
0.0574556408 0.3663763153
0.0558079970 0.4237952065
0.0539424243 0.4795591866
0.0518662075 0.5334504983
0.0495874543 0.5852586973
0.0471150631 0.6347814735
0.0444586886 0.6818254417
0.0416287039 0.7262068961
0.0386361600 0.7677525281
0.0354927427 0.8063001030
0.0322107270 0.8416990932
0.0288029291 0.8738112664
0.0252826564 0.9025112254
0.0216636555 0.9276868973
0.0179600584 0.9492399717
0.0141863277 0.9670862844
0.0103571997 0.9811561458
0.0064876271 0.9913946135
0.0025927204 0.9977617064
-0.0013123108 1.0002325612
-0.0052122175 0.9987975293
-0.0090917705 0.9934622144
-0.0129358204 0.9842474508
-0.0167293562 0.9711892220
-0.0204575642 0.9543385200
-0.0241058859 0.9337611465
-0.0276600746 0.9095374558
-0.0311062513 0.8817620407
-0.0344309587 0.8505433638
-0.0376212140 0.8160033332
-0.0406645593 0.7782768271
-0.0435491103 0.7375111666
-0.0462636030 0.6938655408
-0.0487974373 0.6475103849
-0.0511407186 0.5986267148
-0.0532842966 0.5474054201
-0.0552198005 0.4940465191
-0.0569396722 0.4387583769
-0.0584371958 0.3817568927
-0.0597065234 0.3232646560
-0.0607426982 0.2635100777
-0.0615416742 0.2027264982
-0.0621003312 0.1411512761
-0.0624164877 0.0790248613
-0.0624889092 0.0165898560
-0.0623173129 -0.0459099322
-0.0619023687 -0.1082304432
-0.0612456972 -0.1701283166
-0.0603498625 -0.2313618426
-0.0592183629 -0.2916919055
-0.0578556168 -0.3508829178
-0.0562669458 -0.4087037397
-0.0544585536 -0.4649285824
-0.0524375019 -0.5193378888
-0.0502116829 -0.5717191920
-0.0477897883 -0.6218679439
-0.0451812756 -0.6695883148
-0.0423963310 -0.7146939576
-0.0394458297 -0.7570087359
-0.0363412932 -0.7963674112
-0.0330948448 -0.8326162889
-0.0297191616 -0.8656138177
-0.0262274258 -0.8952311431
-0.0226332725 -0.9213526101
-0.0189507367 -0.9438762148
-0.0151941987 -0.9627140031
-0.0113783277 -0.9777924139
-0.0075180246 -0.9890525661
-0.0036283637 -0.9964504893
0.0002754659 -0.9999572947
0.0041782197 -0.9995592882
0.0080646577 -0.9952580240
0.0119196034 -0.9870702986
0.0157280033 -0.9750280848
0.0194749857 -0.9591784072
0.0231459187 -0.9395831585
0.0267264673 -0.9163188576
0.0302026497 -0.8894763512
0.0335608914 -0.8591604586
0.0367880785 -0.8254895629
0.0398716090 -0.7885951481
0.0427994416 -0.7486212861
0.0455601434 -0.7057240740
0.0481429338 -0.6600710245
0.0505377271 -0.6118404118
0.0527351716 -0.5612205753
0.0547266864 -0.5084091845
0.0565044946 -0.4536124668
0.0580616541 -0.3970444020
0.0593920840 -0.3389258874
0.0604905890 -0.2794838744
0.0613528797 -0.2189504829
0.0619755886 -0.1575620945
0.0623562842 -0.0955584294
0.0624934799 -0.0331816107
0.0623866398 0.0293247815
0.0620361813 0.0917166610
0.0614434728 0.1537503889
0.0606108288 0.2151837249
0.0595415009 0.2757767730
0.0582396646 0.3352929187
0.0567104037 0.3934997528
0.0549596900 0.4501699787
0.0529943598 0.5050823005
0.0508220877 0.5580222867
0.0484513565 0.6087832079
0.0458914238 0.6571668436
0.0431522860 0.7029842569
0.0402446395 0.7460565317
0.0371798386 0.7862154717
0.0339698512 0.8233042571
0.0306272122 0.8571780570
0.0271649746 0.8877045949
0.0235966584 0.9147646654
0.0199361977 0.9382525995
0.0161978866 0.9580766772
0.0123963231 0.9741594860
0.0085463522 0.9864382229
0.0046630080 0.9948649396
0.0007614549 0.9994067300
-0.0031430717 1.0000458585
-0.0070353247 0.9967798294
-0.0109001049 0.9896213963
-0.0147223204 0.9785985129
-0.0184870455 0.9637542232
-0.0221795792 0.9451464939
-0.0257855021 0.9228479878
-0.0292907331 0.8969457800
-0.0326815844 0.8675410181
-0.0359448149 0.8347485272
-0.0390676816 0.7986963611
-0.0420379899 0.7595253028
-0.0448441407 0.7173883144
-0.0474751761 0.6724499401
-0.0499208220 0.6248856631
-0.0521715281 0.5748812209
-0.0542185055 0.5226318799
-0.0560537608 0.4683416726
-0.0576701274 0.4122226011
-0.0590612933 0.3544938092
-0.0602218262 0.2953807265
-0.0611471941 0.2351141884
-0.0618337836 0.1739295344
-0.0622789134 0.1120656893
-0.0624808455 0.0497642301
-0.0624387911 -0.0127315573
-0.0621529146 -0.0751776283
-0.0616243323 -0.1373301323
-0.0608551084 -0.1989463650
-0.0598482465 -0.2597857165
-0.0586076785 -0.3196106103
-0.0571382487 -0.3781874315
-0.0554456954 -0.4352874388
-0.0535366277 -0.4906876580
-0.0514185007 -0.5441717525
-0.0490995856 -0.5955308678
-0.0465889376 -0.6445644479
-0.0438963608 -0.6910810176
-0.0410323697 -0.7348989307
-0.0380081480 -0.7758470793
-0.0348355053 -0.8137655616
-0.0315268307 -0.8485063067
-0.0280950446 -0.8799336529
-0.0245535478 -0.9079248771
-0.0209161700 -0.9323706740
-0.0171971150 -0.9531755834
-0.0134109057 -0.9702583625
-0.0095723270 -0.9835523035
-0.0056963686 -0.9930054938
-0.0017981660 -0.9985810188
0.0021070584 -1.0002571064
0.0060040547 -0.9980272114
0.0098776054 -0.9919000415
0.0137125842 -0.9818995231
0.0174940157 -0.9680647081
0.0212071334 -0.9504496212
0.0248374378 -0.9291230488
0.0283707524 -0.9041682708
0.0317932799 -0.8756827351
0.0350916553 -0.8437776770
0.0382529985 -0.8085776851
0.0412649646 -0.7702202147
0.0441157919 -0.7288550508
0.0467943480 -0.6846437236
0.0492901732 -0.6377588772
0.0515935212 -0.5883835961
0.0536953977 -0.5367106897
0.0555875948 -0.4829419394
0.0572627235 -0.4272873113
0.0587142426 -0.3699641353
0.0599364837 -0.3111962573
0.0609246742 -0.2512131646
0.0616749551 -0.1902490899
0.0621843967 -0.1285420965
0.0624510095 -0.0663331490
0.0624737524 -0.0038651719
0.0622525367 0.0586178985
0.0617882262 0.1208720673
0.0610826339 0.1826542333
0.0601385153 0.2437231384
0.0589595571 0.3038403099
0.0575503630 0.3627709914
0.0559164360 0.4202850600
0.0540641566 0.4761579244
0.0520007577 0.5301714024
0.0497342970 0.5821145723
0.0472736250 0.6317845973
0.0446283505 0.6789875170
0.0418088032 0.7235390049
0.0388259934 0.7652650885
0.0356915689 0.8040028284
0.0324177697 0.8396009543
0.0290173797 0.8719204566
0.0255036775 0.9008351281
0.0218903840 0.9262320577
0.0181916090 0.9480120709
0.0144217961 0.9660901173
0.0105956664 0.9803956024
0.0067281609 0.9908726637
0.0028343821 0.9974803885
-0.0010704649 1.0001929737
-0.0049711318 0.9989998267
-0.0088523865 0.9939056068
-0.0126990729 0.9849302068
-0.0164961696 0.9721086754
-0.0202288492 0.9554910804
-0.0238825355 0.9351423132
-0.0274429610 0.9111418352
-0.0308962224 0.8835833679
-0.0342288346 0.8525745265
-0.0374277841 0.8182363998
-0.0404805788 0.7807030774
-0.0433752977 0.7401211262
-0.0461006370 0.6966490179
-0.0486459543 0.6504565101
-0.0510013102 0.6017239835
-0.0531575071 0.5506417376
-0.0551061250 0.4974092476
-0.0568395547 0.4422343850
-0.0583510272 0.3853326067
-0.0596346401 0.3269261128
-0.0606853811 0.2672429794
-0.0614991469 0.2065162679
-0.0620727599 0.1449831148
-0.0624039801 0.0828838057
-0.0624915141 0.0204608371
-0.0623350200 -0.0420420306
-0.0619351090 -0.1043807251
-0.0612933428 -0.1663118150
-0.0604122274 -0.2275934609
