// Format: k_fixed b_fixed // k_float b_float
16 0 // 0.0039290775 -0.0000033290
16 16 // 0.0039777733 0.0039272706
16 32 // 0.0040264603 0.0079065662
17 49 // 0.0040751326 0.0119345487
17 66 // 0.0041237842 0.0160112033
17 82 // 0.0041724091 0.0201365090
17 100 // 0.0042210014 0.0243104390
17 117 // 0.0042695551 0.0285329604
18 134 // 0.0043180643 0.0328040346
18 152 // 0.0043665231 0.0371236168
18 170 // 0.0044149256 0.0414916565
18 188 // 0.0044632658 0.0459080970
18 206 // 0.0045115380 0.0503728761
19 225 // 0.0045597362 0.0548859254
19 243 // 0.0046078546 0.0594471708
19 262 // 0.0046558874 0.0640565323
19 281 // 0.0047038288 0.0687139241
19 301 // 0.0047516731 0.0734192547
20 320 // 0.0047994145 0.0781724268
20 340 // 0.0048470473 0.0829733372
20 360 // 0.0048945659 0.0878218773
20 380 // 0.0049419645 0.0927179325
20 400 // 0.0049892376 0.0976613829
21 420 // 0.0050363796 0.1026521026
21 441 // 0.0050833850 0.1076899603
21 462 // 0.0051302482 0.1127748194
21 483 // 0.0051769638 0.1179065375
21 504 // 0.0052235263 0.1230849667
22 526 // 0.0052699305 0.1283099539
22 547 // 0.0053161709 0.1335813404
22 569 // 0.0053622422 0.1388989624
22 591 // 0.0054081392 0.1442626507
22 613 // 0.0054538568 0.1496722307
23 635 // 0.0054993897 0.1551275229
23 658 // 0.0055447328 0.1606283423
23 681 // 0.0055898812 0.1661744992
23 704 // 0.0056348298 0.1717657985
23 727 // 0.0056795736 0.1774020403
23 750 // 0.0057241078 0.1830830197
24 773 // 0.0057684276 0.1888085270
24 797 // 0.0058125282 0.1945783475
24 821 // 0.0058564048 0.2003922619
24 845 // 0.0059000529 0.2062500461
24 869 // 0.0059434678 0.2121514713
25 893 // 0.0059866450 0.2180963044
25 918 // 0.0060295800 0.2240843073
25 943 // 0.0060722685 0.2301152379
25 967 // 0.0061147060 0.2361888493
25 992 // 0.0061568884 0.2423048907
25 1018 // 0.0061988115 0.2484631066
26 1043 // 0.0062404710 0.2546632377
26 1069 // 0.0062818630 0.2609050202
26 1094 // 0.0063229835 0.2671881864
26 1120 // 0.0063638284 0.2735124648
26 1146 // 0.0064043941 0.2798775796
26 1173 // 0.0064446767 0.2862832515
27 1199 // 0.0064846724 0.2927291973
27 1226 // 0.0065243778 0.2992151300
27 1252 // 0.0065637892 0.3057407591
27 1279 // 0.0066029031 0.3123057905
27 1306 // 0.0066417162 0.3189099266
27 1333 // 0.0066802251 0.3255528666
28 1361 // 0.0067184265 0.3322343060
28 1388 // 0.0067563174 0.3389539374
28 1416 // 0.0067938946 0.3457114501
28 1444 // 0.0068311552 0.3525065303
28 1472 // 0.0068680961 0.3593388613
28 1500 // 0.0069047145 0.3662081232
28 1528 // 0.0069410077 0.3731139936
29 1557 // 0.0069769730 0.3800561472
29 1585 // 0.0070126078 0.3870342559
29 1614 // 0.0070479095 0.3940479892
29 1643 // 0.0070828757 0.4010970138
29 1672 // 0.0071175041 0.4081809943
29 1701 // 0.0071517924 0.4152995926
29 1730 // 0.0071857383 0.4224524687
30 1760 // 0.0072193398 0.4296392801
30 1789 // 0.0072525948 0.4368596822
30 1819 // 0.0072855015 0.4441133287
30 1849 // 0.0073180578 0.4513998709
30 1879 // 0.0073502621 0.4587189586
30 1909 // 0.0073821127 0.4660702397
30 1939 // 0.0074136079 0.4734533603
30 1970 // 0.0074447462 0.4808679651
31 2000 // 0.0074755262 0.4883136971
31 2031 // 0.0075059465 0.4957901980
31 2062 // 0.0075360059 0.5032971079
31 2092 // 0.0075657031 0.5108340660
31 2123 // 0.0075950370 0.5184007100
31 2154 // 0.0076240066 0.5259966765
31 2186 // 0.0076526109 0.5336216013
31 2217 // 0.0076808491 0.5412751191
32 2249 // 0.0077087204 0.5489568637
32 2280 // 0.0077362241 0.5566664681
32 2312 // 0.0077633596 0.5644035647
32 2344 // 0.0077901263 0.5721677854
32 2376 // 0.0078165238 0.5799587612
32 2408 // 0.0078425517 0.5877761230
32 2440 // 0.0078682096 0.5956195011
32 2472 // 0.0078934974 0.6034885256
32 2504 // 0.0079184150 0.6113828264
33 2537 // 0.0079429622 0.6193020331
33 2569 // 0.0079671390 0.6272457755
33 2602 // 0.0079909457 0.6352136831
33 2635 // 0.0080143822 0.6432053858
33 2667 // 0.0080374489 0.6512205135
33 2700 // 0.0080601461 0.6592586963
33 2733 // 0.0080824742 0.6673195648
33 2766 // 0.0081044336 0.6754027497
33 2800 // 0.0081260249 0.6835078826
33 2833 // 0.0081472487 0.6916345951
33 2866 // 0.0081681056 0.6997825200
34 2900 // 0.0081885964 0.7079512903
34 2933 // 0.0082087220 0.7161405399
34 2967 // 0.0082284832 0.7243499037
34 3001 // 0.0082478811 0.7325790173
34 3034 // 0.0082669165 0.7408275173
34 3068 // 0.0082855906 0.7490950414
34 3102 // 0.0083039047 0.7573812283
34 3136 // 0.0083218598 0.7656857180
34 3170 // 0.0083394573 0.7740081514
34 3204 // 0.0083566985 0.7823481712
34 3239 // 0.0083735850 0.7907054210
34 3273 // 0.0083901180 0.7990795461
34 3307 // 0.0084062992 0.8074701932
34 3342 // 0.0084221302 0.8158770104
35 3376 // 0.0084376126 0.8242996475
35 3411 // 0.0084527481 0.8327377562
35 3446 // 0.0084675385 0.8411909894
35 3480 // 0.0084819857 0.8496590022
35 3515 // 0.0084960915 0.8581414514
35 3550 // 0.0085098577 0.8666379956
35 3585 // 0.0085232866 0.8751482954
35 3620 // 0.0085363799 0.8836720134
35 3654 // 0.0085491399 0.8922088142
35 3690 // 0.0085615687 0.9007583645
35 3725 // 0.0085736684 0.9093203331
35 3760 // 0.0085854414 0.9178943912
35 3795 // 0.0085968897 0.9264802118
35 3830 // 0.0086080159 0.9350774706
35 3865 // 0.0086188222 0.9436858455
35 3901 // 0.0086293111 0.9523050165
35 3936 // 0.0086394850 0.9609346665
35 3971 // 0.0086493463 0.9695744803
35 4007 // 0.0086588977 0.9782241457
36 4042 // 0.0086681417 0.9868833527
36 4078 // 0.0086770809 0.9955517940
36 4113 // 0.0086857179 1.0042291648
36 4149 // 0.0086940554 1.0129151630
36 4185 // 0.0087020961 1.0216094893
36 4220 // 0.0087098427 1.0303118470
36 4256 // 0.0087172981 1.0390219420
36 4292 // 0.0087244650 1.0477394832
36 4327 // 0.0087313463 1.0564641822
36 4363 // 0.0087379448 1.0651957535
36 4399 // 0.0087442634 1.0739339143
36 4435 // 0.0087503051 1.0826783849
36 4470 // 0.0087560726 1.0914288883
36 4506 // 0.0087615692 1.1001851507
36 4542 // 0.0087667976 1.1089469010
36 4578 // 0.0087717609 1.1177138712
36 4614 // 0.0087764622 1.1264857964
36 4650 // 0.0087809044 1.1352624145
36 4686 // 0.0087850907 1.1440434667
36 4722 // 0.0087890242 1.1528286971
36 4758 // 0.0087927078 1.1616178530
36 4794 // 0.0087961448 1.1704106845
36 4830 // 0.0087993383 1.1792069453
36 4866 // 0.0088022914 1.1880063918
36 4902 // 0.0088050073 1.1968087838
36 4938 // 0.0088074890 1.2056138841
36 4974 // 0.0088097399 1.2144214587
36 5010 // 0.0088117631 1.2232312769
36 5046 // 0.0088135617 1.2320431110
36 5083 // 0.0088151390 1.2408567367
36 5119 // 0.0088164982 1.2496719326
36 5155 // 0.0088176424 1.2584884807
36 5191 // 0.0088185750 1.2673061663
36 5227 // 0.0088192991 1.2761247777
36 5263 // 0.0088198179 1.2849441065
36 5299 // 0.0088201346 1.2937639476
36 5335 // 0.0088202525 1.3025840991
36 5372 // 0.0088201748 1.3114043621
36 5408 // 0.0088199048 1.3202245412
36 5444 // 0.0088194455 1.3290444441
36 5480 // 0.0088188003 1.3378638817
36 5516 // 0.0088179723 1.3466826682
36 5552 // 0.0088169648 1.3555006209
36 5588 // 0.0088157809 1.3643175603
36 5624 // 0.0088144239 1.3731333103
36 5660 // 0.0088128969 1.3819476977
36 5697 // 0.0088112031 1.3907605527
36 5733 // 0.0088093457 1.3995717086
36 5769 // 0.0088073278 1.4083810018
36 5805 // 0.0088051527 1.4171882721
36 5841 // 0.0088028233 1.4259933621
36 5877 // 0.0088003429 1.4347961178
36 5913 // 0.0087977145 1.4435963883
36 5949 // 0.0087949413 1.4523940257
36 5985 // 0.0087920263 1.4611888852
36 6021 // 0.0087889727 1.4699808253
36 6057 // 0.0087857835 1.4787697072
36 6093 // 0.0087824616 1.4875553956
36 6129 // 0.0087790102 1.4963377579
36 6165 // 0.0087754323 1.5051166647
36 6201 // 0.0087717308 1.5138919894
36 6237 // 0.0087679087 1.5226636087
36 6273 // 0.0087639690 1.5314314021
36 6309 // 0.0087599147 1.5401952520
36 6345 // 0.0087557485 1.5489550438
36 6380 // 0.0087514734 1.5577106659
36 6416 // 0.0087470924 1.5664620094
36 6452 // 0.0087426082 1.5752089684
36 6488 // 0.0087380236 1.5839514399
36 6524 // 0.0087333416 1.5926893236
36 6559 // 0.0087285648 1.6014225222
36 6595 // 0.0087236961 1.6101509409
36 6631 // 0.0087187381 1.6188744879
36 6667 // 0.0087136937 1.6275930741
36 6702 // 0.0087085654 1.6363066130
36 6738 // 0.0087033560 1.6450150209
36 6774 // 0.0086980680 1.6537182168
36 6809 // 0.0086927042 1.6624161221
36 6845 // 0.0086872671 1.6711086612
36 6880 // 0.0086817593 1.6797957608
36 6916 // 0.0086761832 1.6884773503
36 6952 // 0.0086705415 1.6971533615
35 6987 // 0.0086648366 1.7058237288
35 7023 // 0.0086590709 1.7144883892
35 7058 // 0.0086532470 1.7231472820
35 7093 // 0.0086473672 1.7318003489
35 7129 // 0.0086414338 1.7404475341
35 7164 // 0.0086354492 1.7490887842
35 7200 // 0.0086294158 1.7577240481
35 7235 // 0.0086233359 1.7663532769
35 7270 // 0.0086172116 1.7749764243
35 7306 // 0.0086110453 1.7835934459
35 7341 // 0.0086048391 1.7922042999
35 7376 // 0.0085985952 1.8008089462
35 7411 // 0.0085923157 1.8094073475
35 7447 // 0.0085860029 1.8179994681
35 7482 // 0.0085796587 1.8265852747
35 7517 // 0.0085732852 1.8351647361
35 7552 // 0.0085668845 1.8437378231
35 7587 // 0.0085604585 1.8523045084
35 7622 // 0.0085540092 1.8608647668
35 7657 // 0.0085475386 1.8694185752
35 7692 // 0.0085410486 1.8779659122
35 7727 // 0.0085345410 1.8865067585
35 7762 // 0.0085280177 1.8950410966
35 7797 // 0.0085214805 1.9035689109
35 7832 // 0.0085149312 1.9120901874
35 7867 // 0.0085083715 1.9206049142
35 7902 // 0.0085018033 1.9291130810
35 7936 // 0.0084952282 1.9376146792
35 7971 // 0.0084886478 1.9461097020
