// Format: k_fixed b_fixed // k_float b_float
134 -1 // 0.0327102664 -0.0002129015
147 134 // 0.0358139254 0.0325959273
159 281 // 0.0388819433 0.0685088972
172 440 // 0.0418907534 0.1074895744
184 612 // 0.0448178356 0.1494779646
195 796 // 0.0476421014 0.1943915732
206 992 // 0.0503442424 0.2421268514
217 1198 // 0.0529070311 0.2925609882
227 1415 // 0.0553155701 0.3455540037
236 1642 // 0.0575574820 0.4009510885
244 1878 // 0.0596230369 0.4585851322
252 2123 // 0.0615052173 0.5182793769
259 2375 // 0.0631997205 0.5798501341
265 2634 // 0.0647048996 0.6431095015
270 2899 // 0.0660216507 0.7078680183
275 3170 // 0.0671532489 0.7739372069
279 3445 // 0.0681051428 0.8411319475
282 3724 // 0.0688847145 0.9092726465
285 4007 // 0.0695010139 0.9781871624
287 4291 // 0.0699644764 1.0477124664
288 4578 // 0.0702866334 1.1176960187
289 4866 // 0.0704798226 1.1879968551
289 5155 // 0.0705569065 1.2584863841
289 5444 // 0.0705310057 1.3290489016
288 5733 // 0.0704152513 1.3995818401
288 6021 // 0.0702225633 1.4699957711
287 6309 // 0.0699654540 1.5402141847
285 6595 // 0.0696558626 1.6101730759
284 6881 // 0.0693050184 1.6798203647
282 7164 // 0.0689233342 1.7491151811
281 7447 // 0.0685203286 1.8180270440
279 7727 // 0.0681045748 1.8865349641
277 8006 // 0.0676836749 1.9546264958
276 8283 // 0.0672642558 2.0222967648
274 8559 // 0.0668519849 2.0895474919
272 8833 // 0.0664516024 2.1563860340
271 9105 // 0.0660669670 2.2228244569
269 9375 // 0.0657011125 2.2888786554
268 9644 // 0.0653563128 2.3545675299
266 9912 // 0.0650341518 2.4199122279
265 10178 // 0.0647355977 2.4849354572
264 10443 // 0.0644610782 2.5496608715
263 10707 // 0.0642105546 2.6141125325
262 10970 // 0.0639835957 2.6783144468
261 11232 // 0.0637794469 2.7422901745
260 11494 // 0.0635970963 2.8060625094
260 11754 // 0.0634353351 2.8696532229
259 12014 // 0.0632928135 2.9330828700
259 12273 // 0.0631680894 2.9963706498
258 12532 // 0.0630596725 3.0595343151
258 12790 // 0.0629660614 3.1225901259
258 13048 // 0.0628857751 3.1855528394
257 13306 // 0.0628173784 3.2484357318
257 13563 // 0.0627595025 3.3112506448
257 13820 // 0.0627108599 3.3740080532
257 14077 // 0.0626702555 3.4367171467
257 14333 // 0.0626365930 3.4993859223
256 14590 // 0.0626088779 3.5620212840
256 14846 // 0.0625862182 3.6246291447
256 15103 // 0.0625678217 3.6872145284
256 15359 // 0.0625529921 3.7497816703
256 15615 // 0.0625411233 3.8123341127
256 15871 // 0.0625316927 3.8748747947
256 16128 // 0.0625242543 3.9374061357
256 16384 // 0.0625184303 3.9999301116
256 16640 // 0.0625139045 4.0624483235
256 16896 // 0.0625104138 4.1249620576
256 17152 // 0.0625077422 4.1874723398
256 17408 // 0.0625057131 4.2499799809
256 17664 // 0.0625041840 4.3124856170
256 17920 // 0.0625030408 4.3749897429
256 18176 // 0.0625021929 4.4374927401
256 18432 // 0.0625015690 4.4999949005
256 18688 // 0.0625011137 4.5624964456
256 18944 // 0.0625007842 4.6249975419
256 19200 // 0.0625005477 4.6874983135
256 19456 // 0.0625003794 4.7499988521
256 19712 // 0.0625002607 4.8124992250
256 19968 // 0.0625001776 4.8749994811
256 20224 // 0.0625001199 4.9374996554
256 20480 // 0.0625000803 4.9999997731
256 20736 // 0.0625000533 5.0624998519
256 20992 // 0.0625000351 5.1249999041
256 21248 // 0.0625000229 5.1874999385
256 21504 // 0.0625000148 5.2499999609
256 21760 // 0.0625000095 5.3124999753
256 22016 // 0.0625000060 5.3749999846
256 22272 // 0.0625000038 5.4374999905
256 22528 // 0.0625000024 5.4999999942
256 22784 // 0.0625000014 5.5624999964
256 23040 // 0.0625000009 5.6249999979
256 23296 // 0.0625000005 5.6874999987
256 23552 // 0.0625000003 5.7499999992
256 23808 // 0.0625000002 5.8124999996
256 24064 // 0.0625000001 5.8749999997
256 24320 // 0.0625000001 5.9374999999
256 24576 // 0.0625000000 5.9999999999
256 24832 // 0.0625000000 6.0625000000
256 25088 // 0.0625000000 6.1250000000
256 25344 // 0.0625000000 6.1875000000
256 25600 // 0.0625000000 6.2500000000
256 25856 // 0.0625000000 6.3125000000
256 26112 // 0.0625000000 6.3750000000
256 26368 // 0.0625000000 6.4375000000
256 26624 // 0.0625000000 6.5000000000
256 26880 // 0.0625000000 6.5625000000
256 27136 // 0.0625000000 6.6250000000
256 27392 // 0.0625000000 6.6875000000
256 27648 // 0.0625000000 6.7500000000
256 27904 // 0.0625000000 6.8125000000
256 28160 // 0.0625000000 6.8750000000
256 28416 // 0.0625000000 6.9375000000
256 28672 // 0.0625000000 7.0000000000
256 28928 // 0.0625000000 7.0625000000
256 29184 // 0.0625000000 7.1250000000
256 29440 // 0.0625000000 7.1875000000
256 29696 // 0.0625000000 7.2500000000
256 29952 // 0.0625000000 7.3125000000
256 30208 // 0.0625000000 7.3750000000
256 30464 // 0.0625000000 7.4375000000
256 30720 // 0.0625000000 7.5000000000
256 30976 // 0.0625000000 7.5625000000
256 31232 // 0.0625000000 7.6250000000
256 31488 // 0.0625000000 7.6875000000
256 31744 // 0.0625000000 7.7500000000
256 32000 // 0.0625000000 7.8125000000
256 32256 // 0.0625000000 7.8750000000
256 32512 // 0.0625000000 7.9375000000
256 32767 // 0.0625000000 8.0000000000
256 32767 // 0.0625000000 8.0625000000
256 32767 // 0.0625000000 8.1250000000
256 32767 // 0.0625000000 8.1875000000
256 32767 // 0.0625000000 8.2500000000
256 32767 // 0.0625000000 8.3125000000
256 32767 // 0.0625000000 8.3750000000
256 32767 // 0.0625000000 8.4375000000
256 32767 // 0.0625000000 8.5000000000
256 32767 // 0.0625000000 8.5625000000
256 32767 // 0.0625000000 8.6250000000
256 32767 // 0.0625000000 8.6875000000
256 32767 // 0.0625000000 8.7500000000
256 32767 // 0.0625000000 8.8125000000
256 32767 // 0.0625000000 8.8750000000
256 32767 // 0.0625000000 8.9375000000
256 32767 // 0.0625000000 9.0000000000
256 32767 // 0.0625000000 9.0625000000
256 32767 // 0.0625000000 9.1250000000
256 32767 // 0.0625000000 9.1875000000
256 32767 // 0.0625000000 9.2500000000
256 32767 // 0.0625000000 9.3125000000
256 32767 // 0.0625000000 9.3750000000
256 32767 // 0.0625000000 9.4375000000
256 32767 // 0.0625000000 9.5000000000
256 32767 // 0.0625000000 9.5625000000
256 32767 // 0.0625000000 9.6250000000
256 32767 // 0.0625000000 9.6875000000
256 32767 // 0.0625000000 9.7500000000
256 32767 // 0.0625000000 9.8125000000
256 32767 // 0.0625000000 9.8750000000
256 32767 // 0.0625000000 9.9375000000
256 32767 // 0.0625000000 10.0000000000
256 32767 // 0.0625000000 10.0625000000
256 32767 // 0.0625000000 10.1250000000
256 32767 // 0.0625000000 10.1875000000
256 32767 // 0.0625000000 10.2500000000
256 32767 // 0.0625000000 10.3125000000
256 32767 // 0.0625000000 10.3750000000
256 32767 // 0.0625000000 10.4375000000
256 32767 // 0.0625000000 10.5000000000
256 32767 // 0.0625000000 10.5625000000
256 32767 // 0.0625000000 10.6250000000
256 32767 // 0.0625000000 10.6875000000
256 32767 // 0.0625000000 10.7500000000
256 32767 // 0.0625000000 10.8125000000
256 32767 // 0.0625000000 10.8750000000
256 32767 // 0.0625000000 10.9375000000
256 32767 // 0.0625000000 11.0000000000
256 32767 // 0.0625000000 11.0625000000
256 32767 // 0.0625000000 11.1250000000
256 32767 // 0.0625000000 11.1875000000
256 32767 // 0.0625000000 11.2500000000
256 32767 // 0.0625000000 11.3125000000
256 32767 // 0.0625000000 11.3750000000
256 32767 // 0.0625000000 11.4375000000
256 32767 // 0.0625000000 11.5000000000
256 32767 // 0.0625000000 11.5625000000
256 32767 // 0.0625000000 11.6250000000
256 32767 // 0.0625000000 11.6875000000
256 32767 // 0.0625000000 11.7500000000
256 32767 // 0.0625000000 11.8125000000
256 32767 // 0.0625000000 11.8750000000
256 32767 // 0.0625000000 11.9375000000
256 32767 // 0.0625000000 12.0000000000
256 32767 // 0.0625000000 12.0625000000
256 32767 // 0.0625000000 12.1250000000
256 32767 // 0.0625000000 12.1875000000
256 32767 // 0.0625000000 12.2500000000
256 32767 // 0.0625000000 12.3125000000
256 32767 // 0.0625000000 12.3750000000
256 32767 // 0.0625000000 12.4375000000
256 32767 // 0.0625000000 12.5000000000
256 32767 // 0.0625000000 12.5625000000
256 32767 // 0.0625000000 12.6250000000
256 32767 // 0.0625000000 12.6875000000
256 32767 // 0.0625000000 12.7500000000
256 32767 // 0.0625000000 12.8125000000
256 32767 // 0.0625000000 12.8750000000
256 32767 // 0.0625000000 12.9375000000
256 32767 // 0.0625000000 13.0000000000
256 32767 // 0.0625000000 13.0625000000
256 32767 // 0.0625000000 13.1250000000
256 32767 // 0.0625000000 13.1875000000
256 32767 // 0.0625000000 13.2500000000
256 32767 // 0.0625000000 13.3125000000
256 32767 // 0.0625000000 13.3750000000
256 32767 // 0.0625000000 13.4375000000
256 32767 // 0.0625000000 13.5000000000
256 32767 // 0.0625000000 13.5625000000
256 32767 // 0.0625000000 13.6250000000
256 32767 // 0.0625000000 13.6875000000
256 32767 // 0.0625000000 13.7500000000
256 32767 // 0.0625000000 13.8125000000
256 32767 // 0.0625000000 13.8750000000
256 32767 // 0.0625000000 13.9375000000
256 32767 // 0.0625000000 14.0000000000
256 32767 // 0.0625000000 14.0625000000
256 32767 // 0.0625000000 14.1250000000
256 32767 // 0.0625000000 14.1875000000
256 32767 // 0.0625000000 14.2500000000
256 32767 // 0.0625000000 14.3125000000
256 32767 // 0.0625000000 14.3750000000
256 32767 // 0.0625000000 14.4375000000
256 32767 // 0.0625000000 14.5000000000
256 32767 // 0.0625000000 14.5625000000
256 32767 // 0.0625000000 14.6250000000
256 32767 // 0.0625000000 14.6875000000
256 32767 // 0.0625000000 14.7500000000
256 32767 // 0.0625000000 14.8125000000
256 32767 // 0.0625000000 14.8750000000
256 32767 // 0.0625000000 14.9375000000
256 32767 // 0.0625000000 15.0000000000
256 32767 // 0.0625000000 15.0625000000
256 32767 // 0.0625000000 15.1250000000
256 32767 // 0.0625000000 15.1875000000
256 32767 // 0.0625000000 15.2500000000
256 32767 // 0.0625000000 15.3125000000
256 32767 // 0.0625000000 15.3750000000
256 32767 // 0.0625000000 15.4375000000
256 32767 // 0.0625000000 15.5000000000
256 32767 // 0.0625000000 15.5625000000
256 32767 // 0.0625000000 15.6250000000
256 32767 // 0.0625000000 15.6875000000
256 32767 // 0.0625000000 15.7500000000
256 32767 // 0.0625000000 15.8125000000
256 32767 // 0.0625000000 15.8750000000
256 32767 // 0.0625000000 15.9375000000
